thisRow.t,notes,final_volume,participant,session,date,expName,psychopyVersion,
,,0.30000000000000004,,,,,,
